63.702499
63.572498
60.227501
61.232498
60.352501
65.6175
64.857498
66.517502
66.997498
68.3125
71.762497
71.107498
71.672501
70.699997
69.232498
67.092499
69.025002
68.7575
70.7425
70.792503
69.644997
71.932503
73.449997
72.267502
73.290001
74.389999
75.157501
75.934998
77.532501
78.752502
77.852501
76.912498
77.385002
76.927498
78.739998
78.285004
79.807503
79.212502
79.722504
79.182503
79.527496
79.5625
79.485001
80.462502
80.834999
81.279999
80.580002
82.875
83.364998
85.997498
88.209999
83.974998
84.699997
85.747498
88.019997
87.897499
87.932503
87.43
89.717499
91.6325
90.014999
91.209999
88.407501
90.445
91.199997
91.027496
91.027496
93.462502
93.172501
95.342499
95.752502
95.919998
95.477501
97.057503
97.724998
96.522499
96.327499
98.357498
97
97.272499
92.845001
92.614998
94.809998
93.252502
95.040001
96.190002
106.260002
108.9375
109.665001
110.0625
113.902496
111.112503
112.727501
109.375
113.010002
115.010002
114.907501
114.607498
115.5625
115.707497
118.275002
124.370003
125.857498
124.824997
126.522499
125.010002
124.807503
129.039993
134.179993
131.399994
120.879997
120.959999
112.82
117.32
113.489998
112
115.360001
115.540001
112.129997
110.339996
106.839996
110.080002
111.809998
107.120003
108.220001
112.279999
114.959999
114.089996
115.809998
116.790001
113.019997
116.5
113.160004
115.080002
114.970001
116.970001
124.400002
121.099998
121.190002
120.709999
119.019997
115.980003
117.510002
116.870003
115.75
115.040001
115.050003
116.599998
111.199997
115.32
108.860001
108.769997
110.440002
114.949997
119.029999
118.690002
116.32
115.970001
119.489998
119.209999
119.260002
120.300003
119.389999
118.029999
118.639999
117.339996
113.849998
115.169998
116.029999
116.589996
119.050003
122.720001
123.080002
122.940002
122.25
123.75
124.379997
121.779999
123.239998
122.410004
121.779999
127.879997
127.809998
128.699997
126.660004
128.229996
131.880005
130.960007
131.970001
136.690002
134.869995
133.720001
132.690002
129.410004
131.009995
126.599998
130.919998
132.050003
128.979996
128.800003
130.889999
128.910004
127.139999
127.830002
132.029999
136.869995
139.070007
142.919998
143.160004
142.059998
137.089996
131.960007
134.139999
134.990005
133.940002
137.389999
136.759995
136.910004
136.009995
135.389999
135.130005
135.369995
133.190002
130.839996
129.710007
129.869995
126
125.860001
125.349998
120.989998
121.260002
127.790001
125.120003
122.059998
120.129997
121.419998
116.360001
121.089996
119.980003
121.959999
121.029999
123.989998
125.57
124.760002
120.529999
119.989998
123.389999
122.540001
120.089996
120.589996
121.209999