5.10051
4.050405
4.20042
4.20042
3.720372
3.0003
2.970297
3.0003
3.270327
4.170417
2.340234
2.475247
1.80018
1.25
1
0.9
0.65
0.65
1.25
1.75
2.9
2.2
1.4
0.91
0.6
0.6
0.6
0.6
0.505
0.6
0.4
0.3
0.34
0.345
0.3294
0.34
0.35
0.33
0.27935
0.29
0.285
0.32
0.32
0.3
0.29
0.25
0.37
0.385
0.3599
0.29
0.28
0.26
0.245
0.245
0.285
0.24
0.24
0.252
0.235
0.24
0.2
0.2
0.1702
0.18
0.17
0.18
0.17
0.1595
0.15
0.15
0.155
0.12
0.1125
0.092
0.07
0.0855
0.071
0.08
0.061
0.07
0.085
0.08825
0.085
0.09015
0.06
0.0605
0.07
0.06
0.072
0.072
0.0695
0.0695
0.0555
0.0467
0.0485
0.0525
0.06
0.0575
0.05018
0.065
0.205
0.12
0.1525
0.17
0.15255
0.15
0.135
0.13
0.09
0.0741
0.077
0.07
0.0689
0.085
0.07
0.0655
0.076
0.0749
0.082
0.079
0.07611
0.0783
0.055
0.056
0.05
0.05
0.045
0.0435
0.04
0.05
0.05849
0.07
0.06
0.0549
0.043
0.045
0.048
0.041
0.048
0.041
0.0423
0.045
0.0435
0.0412
0.04
0.03745
0.0364
0.03
0.03
0.031
0.05
0.0499
0.0447
0.035
0.035
0.049
0.0345
0.032
0.0365
0.03
0.0349
0.0395
0.038
0.0418
0.04
0.043
0.043
0.0381
0.0361
0.0399
0.03645
0.0372
0.0374
0.0605
0.068
0.055
0.05
0.066
0.06245
0.055
0.055
0.056
0.0649
0.061
0.065
0.0655
0.06625
0.078
0.061
0.075
0.078
0.078
0.078
0.0721
0.078
0.07085
0.0692
0.069
0.06
0.073
0.065
0.0605
0.0718
0.071
0.08
0.145
0.12
0.0975
0.1975
0.17
0.312
0.433
0.435
0.385
0.385
0.375
0.379
0.385
0.37
0.36
0.36
0.3598
0.3598
0.6598
0.639
0.58
0.68
0.57
0.52
0.48
0.54
0.52
0.4671
0.436
0.485
0.48
0.45
0.41495
0.41
0.39
0.3848
0.366
0.38
0.38
0.4
0.4
0.3899
0.35505
0.33
0.32
0.28075
0.36005
